frame,master,center_lon,center_lat
002A_05136_020502,20190301, -27.7265000, 38.7630000
002D_09442_131110,20200717, 137.5833333, -4.5137222
002D_09458_161110,20200611, 137.5275000, -4.7629445
003A_10373_131313,20200723, -66.2652778, -13.7301667
003A_10572_131313,20200723, -65.7701111, -15.7176667
003A_10771_131313,20200723, -65.2791667, -17.7070556
003A_10970_131313,20200723, -64.7702778, -19.6938334
003A_11173_141313,20200723, -64.2464444, -21.7091111
003A_11372_131313,20200723, -63.7037778, -23.7166667
003D_08492_130701,20200810, 115.0506667, 5.5689444
003D_09757_111111,20170311, 112.2592222, -7.5873889
004A_07083_151212,20200810, -73.2829444, 19.2852778
004D_03924_131313,20200909, 100.1866111, 50.7436666
004D_04122_131313,20181213, 99.6350556, 48.7642222
004D_04320_131313,20181213, 99.1088889, 46.7822222
004D_04518_131313,20181213, 98.6124445, 44.7973889
004D_04916_131313,20181125, 97.6961111, 40.8193889
004D_05115_131313,20181125, 97.2321667, 38.8317778
004D_05314_131313,20181125, 96.7702222, 36.8442222
004D_05513_131313,20181125, 96.3283333, 34.8532778
004D_05712_131313,20181125, 95.8902778, 32.8625555
004D_05911_131313,20181125, 95.4837222, 30.8671666
004D_06111_131313,20181125, 95.0751667, 28.8717778
004D_06311_131313,20181125, 94.6710000, 26.8756111
004D_06511_131313,20160924, 94.3320026, 25.0995560
004D_06907_131312,20160924, 93.4814989, 20.9108348
004D_07072_090600,20160924, 93.5074977, 19.2108331
005A_07021_131313,20190501, -98.0620556, 19.8011666
005A_07270_182021,20200612, -97.5511111, 17.2481666
005D_04603_131313,20181126, 73.7747778, 43.9508889
005D_04801_131313,20200413, 73.2871111, 41.9652778
005D_05000_131313,20181126, 72.8057778, 39.9797778
005D_05199_131313,20181126, 72.3432778, 37.9920555
005D_05398_131313,20181126, 71.9041111, 36.0015000
005D_05597_131313,20181126, 71.4821111, 34.0085000
005D_05797_131313,20181126, 71.0630000, 32.0149444
005D_05996_131313,20181126, 70.6436667, 30.0212778
005D_06196_131313,20181126, 70.2353333, 28.0261111
005D_06395_131313,20181126, 69.8262778, 26.0302222
005D_06595_131313,20181126, 69.4178333, 24.0340555
006A_03658_131313,20190507,-130.5047778, 53.4151111
006D_04865_111625,20200730, 48.5703889, 41.7302778
006D_05111_131313,20181126, 47.8735000, 38.8624444
006D_05310_131313,20181126, 47.4280556, 36.8723333
006D_05509_131313,20181126, 46.9893889, 34.8813333
006D_05713_141313,20171219, 46.5594445, 32.8337778
006D_07529_131313,20161218, 42.8470000, 14.6946111
006D_07662_000004,20200718, 41.7780000, 13.3752778
006D_07728_131313,20181126, 42.4557778, 12.6963333
006D_07929_131313,20181114, 42.0476667, 10.6972222
006D_08129_131313,20181126, 41.6372222, 8.6994444
006D_08328_131313,20181126, 41.2270556, 6.7006666
006D_08529_131313,20181126, 40.8275000, 4.6986111
006D_11164_081313,20191227, 34.7902778, -21.5825556
007A_02698_131313,20200525,-158.6542359, 63.0134322
007A_02892_131312,20200501,-157.8353263, 61.0729651
007A_03087_131313,20200501,-157.0894132, 59.1322631
007A_03294_131613,20200501,-156.3207778, 56.9429444
007D_04098_131313,20181126, 25.7015556, 48.9981667
007D_04296_131313,20181126, 25.1722778, 47.0165000
007D_04494_131313,20181126, 24.6644445, 45.0327222
007D_04692_131313,20181126, 24.1725000, 43.0478333
007D_04892_131313,20181126, 23.6981111, 41.0615555
007D_05096_101313,20201010, 23.2374444, 39.0729444
007D_05293_151310,20160901, 22.7544437, 36.9181129
007D_05457_030000,20181126, 23.3134445, 35.4130000
007D_07097_131313,20170306, 19.0441111, 19.0141111
008A_12731_060000,20191115, 176.2581111, -37.3004445
008A_12835_201207,20201016, 177.2976111, -38.2290000
008A_12836_151207,20191115, 177.4300000, -38.6082222
009D_02423_131316,20170405, -17.5921944, 65.6371389
009D_02597_080910,20170306, -18.6027500, 63.9135278
010D_11455_131313,20190107, -64.8397778, -24.5597778
010D_11652_131313,20200724, -65.3863889, -26.5425000
010D_12244_131313,20190928, -67.2050555, -32.4651111
010D_12441_131313,20190823, -67.8787778, -34.4275000
010D_12637_131313,20170306, -68.5517222, -36.3927222
010D_12833_131313,20190624, -69.2827778, -38.3501667
010D_13416_131313,20170306, -71.7139444, -44.1902778
010D_13610_131313,20170306, -72.6218333, -46.1241667
010D_13802_131313,20170306, -73.6002222, -48.0511111
010D_13986_131310,20170306, -74.1315000, -49.9387222
011A_04903_171717,20201022, 109.2944445, 40.9692222
011A_05533_131313,20160925, 110.7176681, 34.6683334
011A_05732_131313,20201022, 111.1570000, 32.6770000
011A_05932_131313,20200425, 111.5817778, 30.6838889
011A_06132_131313,20201010, 111.9932778, 28.6887778
011D_06470_131006,20191227, -78.4118333, 25.3476666
011D_06867_060602,20191227, -79.2590555, 21.2437222
011D_08160_131211,20170324, -81.8452778, 8.3652222
012A_04449_131313,20160901, 83.5036657, 45.5065009
012A_05046_131313,20160901, 84.9521683, 39.5458358
012A_05244_131313,20160901, 85.4277225, 37.5615012
012A_05443_131313,20160901, 85.9056635, 35.5747245
012A_05642_131313,20160901, 86.3397759, 33.5827798
012A_05841_131313,20160901, 86.7692229, 31.5909997
012A_06041_131313,20160901, 87.1834455, 29.5976113
012A_06241_131313,20160901, 87.5761085, 27.5961130
012A_06441_131313,20160901, 87.9311118, 25.6812230
012D_06936_131313,20170312,-104.0795555, 20.6201111
012D_07075_080504,20170312,-104.3856111, 19.0957778
013A_05000_131313,20160901, 60.1547778, 39.9992227
013A_05199_131313,20160901, 60.6120535, 38.0125019
013A_05398_131313,20160901, 61.0752207, 36.0481673
013A_05597_131313,20160901, 60.8922770, 34.9963339
013A_05797_131313,20160913, 61.9138883, 32.0352792
013A_05996_131313,20160913, 62.3331665, 30.0433339
013A_06196_131313,20160913, 62.7561645, 28.0490007
013A_06392_121313,20160913, 63.1642770, 26.2028351
013D_03885_131313,20170306,-121.8592778, 51.1306666
013D_04083_131313,20170306,-122.4044444, 49.1501111
013D_04889_131300,20191227,-123.8070000, 41.0995555
014A_04821_040400,20160901, 34.5838338, 41.8028322
014A_04939_131313,20160901, 35.3282778, 40.6164444
014A_05138_131313,20160901, 35.7908305, 38.6298908
014A_05334_121313,20160901, 36.2413329, 36.6380561
014A_05540_151414,20160901, 36.6633873, 34.6462809
014A_07524_101303,20161218, 40.6882222, 15.1033889
014A_07659_000004,20200724, 41.8375000, 13.4244444
014A_07688_131313,20180816, 41.0843889, 13.1324444
014A_07884_121313,20180816, 41.4781111, 11.1608333
014A_08068_141313,20190507, 41.8589444, 9.3256667
014D_02786_131213,20200904,-142.8345000, 62.1401667
015A_03923_131313,20190419, 8.0471111, 50.7713889
015A_04513_111313,20160901, 9.6602763, 44.8268891
015A_04723_101013,20160901, 10.1383871, 42.7837785
015A_05284_070309,20161130, 11.3984028, 37.2586805
015D_02737_110804,20200507,-167.2566745, 62.5098139
015D_02942_110000,20200507,-166.6349835, 60.5776788
015D_03772_000504,20200612,-171.5375000, 52.4420000
016A_02427_070806,20200823, -22.1233333, 65.8153333
016A_02504_162118,20201221, -21.7818333, 64.9708333
016A_02562_091313,20191103, -21.3559722, 64.2690833
016D_09376_121313,20170312, 152.1803889, -3.7471667
016D_09543_000810,20170312, 151.4071667, -5.5251667
016D_09957_141514,20170312, 150.8891667, -9.5702222
017D_05353_130400,20190829, 136.3116111, 36.8229444
017D_05514_131312,20190501, 135.4459445, 34.8600555
017D_05636_040304,20200413, 135.1677778, 33.6141111
017D_08850_021413,20170324, 128.6010000, 1.4873333
017D_09056_131314,20170324, 128.1681667, -0.5703334
017D_09822_091612,20170312, 126.5048333, -8.1988334
018A_09021_121620,20201016, -79.6138333, 0.0090555
018A_09253_131313,20190507, -79.0786667, -2.5173889
018A_09451_131313,20200724, -78.6548333, -4.5172222
018A_09652_131313,20200805, -78.2151667, -6.5137222
018A_10424_000913,20200724, -75.9952222, -14.4016667
018A_12160_000002,20200718, -70.6591667, -31.5721667
018A_12472_131313,20190107, -70.5378889, -34.7041667
018A_12668_131313,20190501, -69.8479444, -36.6681111
018A_13058_131313,20200718, -68.3568333, -40.5797778
018A_13253_131313,20200718, -67.5403333, -42.5256667
018D_03594_131313,20170306, 115.5888333, 54.0366667
018D_09287_131313,20170312, 103.0051667, -2.8858889
018D_09415_060403,20170312, 102.7070000, -4.2715556
019A_08168_171412,20201103, -81.3966667, 8.6477778
019A_08184_131312,20201103, -81.3282222, 8.3152222
019D_05022_131313,20160914, 87.1793897, 39.7603325
019D_05221_131313,20160914, 86.6806674, 37.7727801
019D_05420_131313,20160914, 86.2238343, 35.7846111
019D_05619_131313,20160914, 85.7896666, 33.7937233
019D_05818_131313,20160914, 85.3619991, 31.8013900
019D_06017_131313,20160914, 84.9432744, 29.8082783
019D_06217_131313,20160914, 84.5489413, 27.8071684
019D_06418_131313,20160914, 84.2313856, 26.0831682
019D_06617_131313,20200725, 83.7817778, 23.8110555
020A_04368_131313,20200103,-114.1480000, 46.3170555
020A_04566_131313,20190508,-113.6403333, 44.3337222
020A_04765_131313,20190414,-113.1577222, 42.3487778
020A_04964_131313,20200315,-112.6843333, 40.3611666
020A_05163_131313,20190508,-112.2308333, 38.3724444
020A_05362_131313,20190508,-111.7870000, 36.3818889
020A_06395_071312,20200725,-109.6351667, 26.1648889
020A_06625_120500,20200619,-109.5468889, 23.9426666
020D_04935_131313,20160902, 62.7082206, 40.6234998
020D_05135_131313,20160902, 62.2547778, 38.6350575
020D_05334_131313,20160902, 61.7974428, 36.6462798
020D_05533_131313,20160902, 61.3582778, 34.6567236
020D_05732_131313,20160902, 60.9143319, 32.6637220
020D_05931_131313,20160902, 60.5066093, 30.6720026
020D_06130_131313,20160902, 60.0878885, 28.6770568
020D_06330_131313,20160902, 59.6687218, 26.6811115
020D_06446_030303,20160902, 59.4292764, 25.5170005
021D_04423_131313,20160902, 39.2661671, 45.7431140
021D_04564_090603,20160902, 38.8516664, 44.1472232
021D_04972_131213,20160902, 37.9328312, 40.2821681
021D_05168_131313,20160902, 37.4665561, 38.2947775
021D_05367_131313,20160902, 37.0271661, 36.3051113
021D_05566_131313,20160902, 36.5929417, 34.3128349
021D_05765_131313,20201222, 36.1598333, 32.3220000
021D_05965_131313,20201222, 35.7395000, 30.3283333
021D_07147_131313,20170307, 33.3443333, 18.5127778
021D_08954_121313,20170307, 29.6552778, 0.4679444
021D_09150_131313,20170325, 29.2252222, -1.5296111
022A_10918_110700,20190619,-174.3200556, -19.2227778
022D_04389_141313,20160902, 14.6530540, 46.0652800
022D_04617_161617,20160902, 14.0992205, 43.8305581
022D_04826_121209,20160902, 13.5581095, 41.6251677
022D_05265_072009,20160902, 12.5542763, 37.2045553
023A_13470_171714,20200327, 170.1039445, -44.7166111
023D_06184_131002,20170307, -14.0946111, 28.0905555
024A_04527_060503,20190508, 147.5268889, 44.6573889
024A_09137_111312,20200731, 132.5437222, -1.3960556
024D_12381_001013,20200725, -53.7328889, -33.8009445
025A_09718_120810,20190502, 109.0876667, -7.0432778
025D_07180_070505,20191029, -65.4492222, 18.2160000
025D_09867_131313,20200719, -71.0760555, -8.6820556
025D_10066_131313,20200725, -71.5530555, -10.6714445
025D_10464_131313,20170307, -72.5310555, -14.6521111
025D_10613_090705,20170307, -72.9006667, -16.2565000
026A_04929_131313,20160902, 99.0832206, 40.7086687
026A_05128_131313,20160902, 99.5643906, 38.7222795
026A_05327_131313,20160902, 100.0238897, 36.7340004
026A_05526_131313,20160902, 100.4632740, 34.7433342
026A_05725_131313,20160902, 100.8957210, 32.7522233
026A_05924_131313,20160902, 101.2991094, 30.7586131
026A_06124_131313,20160902, 101.7314453, 28.7615572
026A_06324_131313,20160902, 102.1325573, 26.7650019
026A_06524_131313,20160902, 102.5349441, 24.7695566
026A_06723_131313,20201023, 102.9269444, 22.7702222
026D_07514_131212,20170301, -90.8235000, 14.8468889
027A_04790_141413,20200402, 74.0763889, 42.0985555
027A_04994_131313,20160902, 74.5449396, 40.0619442
027A_05194_131313,20160902, 75.0404990, 38.0730564
027A_05393_131313,20160902, 75.4976680, 36.0807242
027A_05591_131313,20160902, 75.9294464, 34.0877781
027A_05791_131313,20160902, 76.3204970, 32.0963904
027A_05990_131313,20160902, 76.7264471, 30.1005560
027A_06190_131313,20160902, 77.1438353, 28.1050571
027D_05524_131313,20170301,-111.4385000, 34.7380000
027D_06303_130908,20170301,-113.1193333, 26.7088333
028A_04935_121308,20200321, 49.7025556, 40.7289444
028A_05385_191813,20191228, 50.7041667, 36.3085000
028A_05618_131313,20191228, 51.2609444, 33.8199444
028A_05817_131313,20160902, 51.6991099, 31.8276122
028A_06017_131313,20160902, 52.1027210, 29.8329455
028A_06197_071312,20160902, 52.5088321, 27.8391122
028A_06216_081316,20200402, 52.5598333, 27.6171111
028A_10117_131313,20200601, 35.9617222, -11.1637778
029A_04783_131313,20160902, 24.6943319, 42.1818344
029A_04977_131113,20160902, 25.1562208, 40.1934455
029A_05182_131413,20160902, 25.6170542, 38.1757233
029A_05389_141412,20160902, 26.0873320, 36.0738344
030A_08221_141414,20191228, 7.1886667, 7.7947222
030A_08422_111410,20191228, 7.6327222, 5.6282222
031D_04327_000105,20170301, 152.0239445, 46.6316667
032A_10444_131313,20200725, -61.9932778, -14.4335556
032A_10643_131313,20200725, -61.5083889, -16.4240000
032A_10842_131313,20200725, -61.0112222, -18.4127222
032A_11040_131313,20200725, -60.5036111, -20.4009445
032D_07333_131313,20170301, 121.4268889, 16.6611667
032D_07536_111313,20170301, 121.0250000, 14.6625555
032D_07741_141414,20200719, 120.5956667, 12.5816666
032D_09854_070505,20170313, 116.1849445, -8.4352778
033D_04907_131313,20201210, 101.8565000, 40.9126667
033D_05106_131313,20160914, 101.3709986, 38.9283900
033D_05304_131313,20160914, 100.9176098, 36.9403900
033D_05503_131313,20160914, 100.4726098, 34.9512789
033D_05702_131313,20160914, 100.0287210, 32.9608900
033D_05902_131313,20160914, 99.6066655, 30.9673344
033D_06101_131313,20160914, 99.1923321, 28.9733344
033D_06301_131313,20160902, 98.7711100, 26.7512231
033D_06500_131313,20160902, 98.4086656, 24.9743900
033D_06701_131313,20160902, 97.9983878, 22.9769455
033D_08463_080000,20200719, 95.2046111, 5.3675000
034A_07163_050202,20200403, -93.6882222, 18.4797222
034A_07267_181414,20200614, -93.4723889, 17.3970555
034A_07280_131313,20190503, -93.4320000, 17.2059444
034A_07467_001015,20200614, -92.6003889, 15.1760555
034A_07541_000305,20200403, -92.4763889, 14.5642778
034D_04913_131313,20160915, 77.1016653, 40.8458900
034D_05112_131313,20160915, 76.6616097, 38.8593900
034D_05310_131313,20160915, 76.2181098, 36.8767789
034D_05509_131313,20160915, 75.7441098, 34.8841122
034D_05709_131313,20160915, 75.3426099, 32.8859455
034D_05909_131313,20160915, 74.9442210, 30.8899455
034D_06109_131313,20160915, 74.6838322, 29.6984448
035A_03520_131313,20190509,-126.8071111, 54.8062778
035A_03915_131313,20190509,-125.6627222, 50.8467222
035A_04908_131313,20190509,-123.1176667, 40.9276111
035A_05107_131313,20190509,-122.6675000, 38.9384444
035D_05397_131013,20161220, 51.3753333, 36.0537222
035D_05592_141313,20200415, 50.9169445, 34.0107222
035D_05790_121313,20160915, 50.5044433, 32.1031122
035D_05978_131209,20160915, 50.0838877, 30.1055011
035D_06208_120410,20160915, 50.6804451, 28.8411660
036A_02653_131313,20201006,-154.7095000, 63.4655000
036A_02844_131212,20200503,-153.8993954, 61.5517827
036A_03208_131001,20200503,-152.4220000, 57.6416111
036D_04807_031312,20160903, 28.0999423, 42.2028360
036D_04976_131313,20160903, 27.6297768, 40.2164468
036D_05175_131313,20160903, 27.1668326, 38.2280007
036D_05382_121515,20160903, 26.6919981, 36.0964447
036D_05388_121616,20200614, 26.6739445, 36.0156666
036D_05505_000202,20160903, 25.9538879, 34.9218340
037A_03794_030304,20190930,-175.3296667, 52.0557778
037D_04542_131313,20160903, 3.9678317, 44.5625554
037D_04691_021207,20160903, 3.5092208, 42.6885547
038A_03435_080808,20190503, 158.9010556, 55.6378333
038A_03576_131307,20190503, 159.3623889, 54.0733333
038A_09579_100706,20190503, 147.8847222, -5.6932222
038A_09584_100906,20200614, 147.8975000, -5.7476111
038A_09647_000200,20200602, 148.0770556, -6.4622222
038A_09758_131318,20200614, 148.3424445, -7.7412778
038A_09936_151712,20200614, 148.7128889, -9.2105000
038A_09963_111312,20190503, 148.7852222, -9.5426667
039A_05193_040711,20190415, 138.7393333, 38.2386111
039A_05372_151515,20170107, 139.1733333, 36.2755555
039A_05599_101702,20190509, 139.7185556, 33.7851111
039A_09827_040302,20190503, 123.7432778, -8.2045000
039A_09931_061510,20190503, 123.9645000, -8.7608334
039D_10442_131313,20200720, -58.0186111, -14.4431667
039D_10642_131313,20200720, -58.5025555, -16.4336111
039D_11038_131313,20200726, -59.5487778, -20.4000000
039D_12224_131313,20200720, -63.0404444, -32.2577222
039D_12617_131313,20200720, -64.3765555, -36.1895000
039D_12813_131313,20200801, -65.1118333, -38.1448334
039D_13008_131313,20200801, -65.8785000, -40.0961667
039D_13781_131313,20200726, -69.5064444, -47.8226667
039D_13972_131313,20200726, -70.5506667, -49.7402778
039D_14339_121309,20170308, -72.8902222, -53.5450556
040A_04764_131313,20160927, 113.0827179, 42.3655584
040A_05593_131313,20201012, 114.9590556, 34.0742222
040A_05791_131313,20201012, 115.3913333, 32.0820000
040A_08963_131411,20201123, 121.8985556, 0.4264444
040D_06962_050809,20191229, -75.3155000, 20.3923889
040D_08181_131311,20200807, -77.7861111, 8.1231111
040D_08354_120300,20200807, -77.8442778, 6.0826111
040D_08490_250300,20201006, -78.0775000, 4.9997778
040D_08684_190400,20201018, -78.4081111, 3.4166111
040D_08880_191607,20201205, -79.1793333, 1.4601111
040D_08919_131307,20161202, -79.2631667, 0.9616111
040D_09102_131313,20200906, -79.7106111, -1.0372778
041A_04983_131313,20160903, 88.9304965, 40.1690563
041A_05185_121216,20160903, 89.4487760, 37.9368357
041A_05206_161616,20201024, 89.4458889, 37.9321111
041A_05430_131313,20160903, 89.9927737, 35.7009436
041A_05629_131313,20160903, 90.4287205, 33.7101128
041A_05829_131313,20160903, 90.8560536, 31.7181111
041A_06028_131313,20160903, 91.2756075, 29.7249462
041A_06228_131313,20201211, 91.6505556, 27.7225000
041A_06428_131313,20160915, 92.0177175, 25.7207784
041A_06828_131313,20160915, 92.8328348, 21.7288892
041A_08485_100804,20190503, 96.1543889, 5.3449444
041A_08690_051613,20191030, 96.5976111, 3.2087222
041D_07070_131313,20170302,-100.2392222, 19.2724444
041D_07134_222019,20200620, -99.5005000, 18.5832222
042A_04938_131313,20160915, 64.1132756, 40.6181116
042A_05137_131313,20160915, 64.5713878, 38.6296693
042A_05336_131313,20160915, 65.0334969, 36.6417232
042A_05535_131313,20160915, 65.4839427, 34.6527784
042A_05734_131313,20160915, 65.9216632, 32.6601108
042A_05933_131313,20160915, 66.3221687, 30.6658358
042A_06133_131313,20160915, 66.7401657, 28.6714451
042A_06333_131313,20160915, 67.1583311, 26.6743347
042A_06518_081313,20160915, 67.5602775, 24.6787224
043A_04559_030813,20160903, 38.6133871, 43.9988911
043A_04910_040302,20160903, 39.3897212, 40.9356673
043A_05008_161514,20200614, 39.6066111, 39.9413889
043A_05026_131313,20160903, 39.6496666, 39.7499453
043A_05221_121313,20160903, 40.0867190, 37.7899447
043A_05421_141313,20160903, 40.5271671, 35.7956676
043A_05623_131313,20160903, 40.9682778, 33.7791667
043A_05822_131313,20160903, 41.4006638, 31.7871119
044A_04913_071213,20160903, 14.7553323, 40.7026131
044A_05129_010307,20160903, 15.1615540, 38.9633321
044A_05255_141005,20160903, 15.5276094, 37.2772222
044D_02803_131313,20200708,-163.2935000, 61.9478333
044D_02964_080909,20170513,-163.2855000, 59.6460000
044D_03600_070805,20170513,-166.2110000, 54.1394444
044D_03605_070807,20201024,-166.2691667, 53.9758333
044D_03692_000002,20200720,-167.8973889, 53.0705555
044D_13391_110904,20191229, 169.0783333, -43.7583333
044D_13587_181814,20191229, 168.1690000, -45.9081111
045A_02538_121210,20200708, -17.1625000, 64.5776667
046D_04690_121308,20170302, 141.4837222, 43.1831666
046D_04907_081313,20170302, 140.9571111, 40.9770000
046D_05096_121313,20170302, 140.5065000, 39.0422778
046D_05292_131313,20170302, 140.0473889, 37.0524444
046D_05469_071311,20170302, 139.6137778, 35.0626111
046D_09127_131313,20200801, 132.1210556, -1.2744445
046D_09323_090905,20200602, 131.7352778, -3.1050000
047A_09184_131313,20200819, -75.1378333, -1.8427222
047A_09384_131313,20200819, -74.7096111, -3.8410000
047A_09583_131313,20200819, -74.2678333, -5.8368889
047A_09783_131313,20200819, -73.8251667, -7.8332222
047A_10380_131313,20190509, -72.4087778, -13.8060000
047A_10580_131313,20190509, -71.9303333, -15.7977222
047A_11581_141313,20190509, -69.2526667, -25.8002778
047A_11782_131313,20190509, -68.6666111, -27.8017778
047D_09652_111009,20170302, 106.3131111, -6.5587222
048A_06409_131311,20191229, -80.8058889, 25.8601111
048A_06749_111314,20191229, -80.1098889, 22.4786666
048A_08164_161210,20200620, -77.2861111, 8.5683889
048A_08174_131210,20200819, -77.2337778, 8.3187778
048A_08363_131313,20200819, -76.8297778, 6.3793889
048A_08563_131313,20200819, -76.4221111, 4.3794444
048D_04257_131313,20161009, 93.1290512, 47.4106111
048D_04455_131313,20161009, 92.6206128, 45.4262244
048D_04853_131313,20201211, 91.7063333, 41.4481667
048D_05052_131313,20180520, 91.2087222, 39.4651666
048D_05250_131313,20201025, 90.7381111, 37.4794444
048D_05449_131313,20201025, 90.2838889, 35.4901666
048D_05651_141313,20201025, 89.8381667, 33.4754444
048D_05853_131313,20160916, 89.4095019, 31.4536117
048D_06052_131313,20191124, 88.9913333, 29.4598889
048D_06252_131313,20160904, 88.6058293, 27.4561675
048D_06453_131313,20160904, 88.2392184, 25.4570575
048D_06653_131313,20200721, 87.8152222, 23.4638333
048D_06830_061312,20200721, 87.4186667, 21.5208889
049A_04537_131313,20190510,-109.6085000, 44.6251666
049A_05532_131313,20190510,-107.3025000, 34.6847778
049A_05731_131313,20190510,-106.8753333, 32.6922222
049A_06715_141313,20190504,-104.8706667, 22.8778889
049A_06918_131313,20190504,-104.4496111, 20.8275000
049A_07091_051113,20190504,-104.0463889, 18.8292222
049D_05136_131313,20160904, 66.3435544, 38.6203897
049D_05335_131313,20160904, 65.9074990, 36.6342804
049D_05534_131313,20160904, 65.4410562, 34.6436673
049D_05733_131313,20160904, 65.0253336, 32.6501111
049D_05932_131313,20160904, 64.6071103, 30.6550577
049D_06132_131313,20160904, 64.1916095, 28.6618339
049D_06331_131313,20160904, 63.7755544, 26.6650011
049D_06459_040405,20160904, 63.5049434, 25.3355005
050D_04448_151313,20200404, 43.2943333, 45.4562778
050D_04647_121313,20160904, 42.8182207, 43.5267789
050D_04843_131313,20160904, 42.3128319, 41.5414455
050D_05046_141313,20160904, 41.8376653, 39.4737789
050D_05246_131313,20160904, 41.3892209, 37.4810566
050D_05443_121313,20160904, 40.9753876, 35.5733344
050D_05639_131313,20160904, 40.5438320, 33.6068343
050D_07693_131313,20161209, 36.3552222, 13.0567778
050D_07892_131313,20161209, 35.9407778, 11.0568889
050D_08092_131313,20161209, 35.5386111, 9.0593333
050D_08292_131313,20161209, 35.1328333, 7.0567778
050D_08492_131313,20161209, 34.7314444, 5.0568333
050D_09491_131313,20190428, 32.6063889, -4.9317222
051D_02601_131308,20200522, 24.8948255, 64.1042774
051D_04370_131313,20160904, 18.8155541, 46.2679455
051D_04568_131313,20160904, 18.3144985, 44.2850566
051D_04743_080514,20160904, 17.8140542, 42.2683900
051D_04982_051313,20160904, 17.3048319, 40.0615565
051D_05177_000715,20160904, 16.3363879, 37.9768900
051D_08719_111304,20170408, 9.5192778, 2.5204444
052A_13183_181613,20191130, 173.0505000, -42.1487222
053A_09189_130606,20200615, 136.6951111, -1.6063889
053A_09375_151516,20200615, 137.1689445, -3.7356111
054A_04813_131313,20190504, 127.6116667, 41.8701111
054A_05261_121306,20190504, 128.6036667, 37.5608889
054A_05446_131604,20200820, 129.0756111, 35.3732778
054A_05688_051313,20170917, 129.5686667, 33.1088889
054A_05884_001412,20191025, 130.4490000, 31.1021666
054A_09773_111213,20190504, 113.3707778, -7.7749445
054D_07353_071304,20170303, -61.6746667, 16.5631667
054D_07620_180000,20200428, -61.4646111, 13.7857777
054D_10482_131313,20200727, -68.4476111, -14.8325000
054D_10879_131313,20170309, -69.4365000, -18.8066667
054D_11407_131100,20200721, -70.1435000, -24.1333334
054D_12017_130000,20191130, -71.4430000, -30.1760000
055A_05021_131313,20160904, 103.4088319, 39.7820566
055A_05221_131313,20160904, 103.8687209, 37.7946122
055A_05420_131313,20160904, 104.3251096, 35.8058331
055A_05619_131313,20160904, 104.7597210, 33.8149455
055A_05818_131313,20160904, 105.1847210, 31.8185566
055A_06018_131313,20160904, 105.5871099, 29.8248344
055A_06237_161515,20201025, 106.0397222, 27.6338333
055A_07454_101001,20161010, 108.4868323, 15.5116118
055D_06788_080100,20191230, -84.8196111, 22.3457778
055D_07463_141311,20200123, -86.6015000, 15.4148333
055D_07654_131311,20170303, -87.0015000, 13.3862222
055D_07671_161411,20200615, -87.0595556, 13.1377778
055D_07784_040200,20170303, -86.9052222, 12.0694444
055D_09058_061112,20170303, -90.0914444, -0.5295000
056A_04860_131313,20160904, 78.3494980, 41.3971128
056A_05059_131313,20160904, 78.8197198, 39.4085566
056A_05258_131313,20160904, 79.2668294, 37.4257789
056A_05457_131313,20160904, 79.7575012, 35.4360581
056A_05656_131313,20160904, 80.1961078, 33.4460575
056A_05855_131313,20160904, 80.6243843, 31.4491673
056A_06055_131313,20160904, 80.9958344, 29.4539460
056A_06255_131313,20160904, 81.3897732, 27.4564446
056D_05559_131313,20170303,-107.4068889, 34.3914444
056D_06337_131306,20200721,-109.0700000, 26.4471111
056D_06361_161306,20200615,-109.1132778, 26.2266111
056D_06616_001011,20200615,-110.0156111, 23.8828889
056D_06669_000305,20200721,-110.1191111, 23.3836666
057A_05393_151514,20191230, 54.8717778, 36.0748333
057A_05605_131313,20160904, 55.3382768, 33.9477232
057A_05805_131313,20160904, 55.7659985, 31.9571114
057A_06004_131313,20160904, 56.2017758, 29.9635016
057A_06204_131313,20160904, 56.6128338, 27.9678334
057A_06387_130911,20160904, 57.0070538, 25.9717225
057A_09245_131313,20190504, 38.1489445, -2.4412222
057A_09641_131311,20200522, 39.0045556, -6.4399445
057A_09827_131303,20200522, 39.0247778, -8.4375556
057D_03673_131313,20190428,-127.4045000, 53.2446666
057D_03827_091202,20201007,-127.9616667, 51.3772222
058A_04914_121007,20160904, 29.0481088, 41.0586666
058A_05086_131313,20160904, 29.4888324, 39.1533885
058A_05279_131311,20160904, 29.9363311, 37.1647247
058A_08540_131313,20190504, 36.6608333, 4.6112222
058A_08739_131313,20190504, 37.0716111, 2.6107222
059A_04506_121313,20160904, 3.4345541, 44.9368896
059A_05328_050404,20201025, 5.3840556, 36.7360555
059D_00001_041107,20190323, 167.7611111, -15.7791667
059D_03819_050404,20170309,-177.2097222, 51.8182778
059D_11152_131310,20201007, 166.4241111, -21.5737778
060A_00001_030604,20200311, -17.5030556, 28.2237778
060D_03177_141109,20170303, 160.2373333, 58.3910556
060D_03363_131313,20170303, 159.5180556, 56.3373889
060D_03564_141313,20170303, 158.8770556, 54.3365555
060D_03718_021307,20170303, 158.2830556, 52.3845555
060D_09456_010203,20170303, 145.8448333, -4.5249445
060D_09589_101313,20200627, 145.5263333, -5.8211111
060D_09744_080810,20200603, 145.1511667, -7.5431111
061D_05289_021007,20170309, 129.6815000, 36.7674444
061D_05504_010913,20200715, 129.3717778, 35.3850555
061D_05562_000202,20200715, 128.6767222, 34.3762222
061D_07748_050613,20170303, 124.7901667, 12.9226111
061D_07906_131313,20170207, 124.3749723, 10.9239722
061D_08107_131313,20170303, 123.9810556, 8.9223333
061D_08277_110410,20170303, 123.6085556, 7.1188333
061D_09012_161516,20170303, 122.1026667, -0.1277778
061D_09920_121210,20170315, 120.1308333, -9.1693889
062A_07928_050400,20190615, -63.7052778, 10.7511667
062A_08013_171717,20200808, -63.1727778, 9.8758333
062A_08021_131211,20190615, -63.1589444, 9.8181111
062A_08046_131313,20190615, -63.1032222, 9.5418333
062A_13470_131313,20190504, -72.6641667, -44.6911111
062A_13661_121313,20200721, -71.7190000, -46.6193889
062A_13853_141313,20200721, -70.7589444, -48.4629445
062D_05035_131313,20160916, 105.6643330, 39.6258339
062D_05234_131313,20160916, 105.2038891, 37.6377777
062D_05432_131313,20160916, 104.7539993, 35.6486139
062D_05631_131313,20160916, 104.3152753, 33.6565577
062D_05831_131313,20160916, 103.8898307, 31.6638345
062D_06031_131313,20160916, 103.4774449, 29.6701677
062D_06231_131313,20160916, 103.0684422, 27.6781674
062D_06430_131313,20160916, 102.6438314, 25.6816684
062D_06630_131313,20160904, 102.0867192, 22.8507225
062D_07030_131313,20160904, 101.4622221, 19.6849452
062D_08629_071113,20170303, 98.2691667, 3.9137222
062D_08831_181512,20170303, 97.7708333, 1.5245555
063A_07458_041304,20190505, -88.9820556, 15.6728333
063A_07559_161820,20200616, -88.7265555, 14.2500000
063A_07617_091113,20190505, -88.6070000, 13.6680555
063D_04429_121413,20160917, 82.4128874, 45.6576140
063D_04846_131413,20210217, 81.3794444, 41.5265555
063D_05260_131413,20160917, 80.4437737, 37.3822226
063D_05462_131313,20160917, 79.9809455, 35.3665584
063D_05661_131313,20160917, 79.5247728, 33.3754453
063D_05860_131313,20160917, 79.1262175, 31.3786120
063D_06060_131313,20160917, 78.7193320, 29.3800011
063D_06265_141314,20160917, 78.4226125, 27.8551119
064A_04019_131313,20190417,-121.2658889, 49.8139444
064A_04218_131313,20190417,-120.7208333, 47.8328889
064A_04610_141313,20190417,-119.7388889, 43.9465555
064A_05011_131313,20190417,-118.7584444, 39.8919444
064A_05211_131313,20190417,-118.3091667, 37.9020555
064A_05410_131313,20190417,-117.8651111, 35.9117222
064A_05774_011313,20190417,-117.0075556, 31.9275555
064D_04889_131313,20160917, 56.6510542, 41.0905555
064D_05088_131313,20160917, 56.1888860, 39.1051132
064D_05287_131313,20160917, 55.7098302, 37.1150571
064D_05486_131313,20160917, 55.2855000, 35.1260565
064D_05685_131313,20161222, 54.8466111, 33.1363889
064D_05884_131313,20160917, 54.4116087, 31.1426684
064D_06083_131313,20160917, 53.9976654, 29.1481117
064D_06255_111008,20160917, 53.6632752, 27.5145010
065A_02559_131313,20201008,-150.9085000, 64.4118333
065D_04905_131208,20160905, 31.9519989, 41.0822218
065D_05087_131313,20160905, 31.4699989, 39.0938896
065D_05281_111313,20160905, 31.0304990, 37.1042789
065D_05285_111314,20200610, 31.0162778, 37.0227222
065D_05387_000002,20160905, 29.8274437, 36.1083316
065D_07467_131313,20170310, 26.5251667, 15.3190555
066A_03735_010103,20200223,-171.4143333, 52.7566111
066A_03750_030203,20200914,-171.3441667, 52.5533333
066D_05394_131311,20200902, 6.1405556, 36.0952222
066D_06984_131313,20170310, 2.8011111, 20.1388333
066D_SM_TRIS_S6,20171205, -12.2923611, -37.1134722
067A_09325_000004,20200722, 152.2426111, -3.2342222
067A_09457_071509,20190505, 151.7277222, -4.4867222
068A_04667_071312,20190511, 141.6239445, 43.4988889
068A_04799_130306,20190511, 142.0921111, 41.5409444
068A_05053_130400,20201101, 142.1366111, 39.4395555
068D_10577_131313,20200722, -54.2312222, -15.7853889
068D_12357_131313,20200728, -59.3291667, -33.5928889
069A_06499_160709,20190610, 120.9137222, 25.3067222
069A_06694_131402,20190529, 121.3903333, 23.0663889
069A_07127_060500,20190616, 121.8696111, 18.7515555
069A_07674_131310,20181230, 123.3274445, 13.3472222
069A_07825_090908,20200529, 123.6470000, 11.7645000
069A_07955_090909,20190505, 123.9102222, 10.7530000
069A_08127_131414,20190827, 124.2603333, 8.7395000
069A_08324_101313,20190827, 124.6813889, 6.6816667
069A_09108_131313,20190505, 101.6240000, -1.0752778
069A_09283_080913,20190505, 102.0515000, -3.0730000
069A_09457_021206,20190505, 102.3486667, -4.4624445
069D_08516_151414,20170403, -74.3718889, 4.8330555
069D_08730_131413,20200330, -74.8105555, 2.6965555
069D_09961_131312,20200902, -77.4896111, -9.6185556
070A_05026_131313,20160905, 93.1363866, 39.7435571
070A_05251_161617,20160905, 93.6699466, 37.4840567
070A_05479_131313,20160905, 94.1946120, 35.2156114
070A_05678_131313,20160905, 94.6306105, 33.2246122
070A_05877_131313,20160905, 95.0557781, 31.2325004
070A_06077_131313,20160905, 95.4632208, 29.2340007
070A_06277_131313,20160905, 95.8469401, 27.2381113
070A_06477_131313,20160905, 96.2556064, 25.2410559
070A_08762_131413,20200722, 100.7543889, 2.3894444
070D_07100_041013,20190429, -96.1185556, 19.3150000
070D_07266_131313,20200330, -96.5126667, 17.3146111
070D_07295_161617,20200616, -96.5666667, 17.0356111
071A_05041_131313,20160917, 68.4871643, 39.5887215
071A_05240_131313,20160917, 68.9613888, 37.6000577
071A_05439_131313,20160917, 69.3714969, 35.6129470
071A_05638_131313,20160917, 69.8286669, 33.6197783
071A_05838_131313,20160917, 70.2426100, 31.6242780
071A_06038_131313,20160917, 70.6580555, 29.6293346
071A_06237_131313,20160917, 71.0641130, 27.6343343
071A_06436_131313,20160917, 71.4607738, 25.7227789
071D_05178_131313,20190505,-116.8446667, 38.1950555
071D_05377_131313,20170304,-117.2814444, 36.2020000
072A_04534_080808,20160905, 42.5790534, 44.6501685
072A_04693_131313,20160905, 42.9724432, 43.0756676
072A_04892_131313,20160905, 43.4374443, 41.0932239
072A_05064_000400,20200722, 43.9278333, 39.3655555
072A_05090_131313,20160905, 43.9118894, 39.1043917
072A_05289_131313,20160905, 44.3686082, 37.1122216
072A_05489_131313,20160905, 44.7931114, 35.1219439
072A_05688_131313,20160905, 45.2163318, 33.1307245
072A_05887_131313,20160905, 45.6427777, 31.1375027
072A_06087_131313,20160905, 46.0671643, 29.1435575
073A_04168_131313,20160905, 16.9677760, 48.3284461
073A_04367_131313,20160905, 17.4904434, 46.3451694
073A_04565_131313,20160905, 17.9910534, 44.3607789
073A_04736_051113,20160905, 18.4823868, 42.3748352
073A_04960_090913,20160905, 18.9554433, 40.3340010
073A_05169_000015,20160905, 20.4297221, 38.3180018
073D_02739_131313,20200429,-159.0430864, 62.5854126
073D_02936_131313,20200429,-159.8626970, 60.6193844
073D_03093_080808,20200429,-160.4879023, 59.0595705
073D_03397_020000,20200803,-160.2477777, 56.0356111
073D_03460_121207,20200908,-161.6621111, 55.5987222
073D_03461_000300,20200722,-161.8520555, 55.3813889
073D_12785_121717,20191113, 175.6809445, -37.7215000
073D_13010_161205,20191113, 174.7040000, -40.2401111
073D_13013_161306,20200722, 174.7138333, -40.2151111
073D_13256_001823,20191125, 173.2349445, -42.4261667
074A_05055_131313,20190610, -5.5409444, 39.4590000
074A_05245_131013,20200902, -5.0862222, 37.4690555
074A_05469_131606,20200803, -4.6581667, 35.5333333
074A_SM_TRIS_S4,20180110, -12.2697222, -37.1108333
075A_SM_FOGO_S6,20171030, -24.3705556, 14.9318055
075D_09202_131415,20200722, 136.0742222, -2.0121667
075D_09383_101009,20200722, 135.6780556, -3.8390556
076A_10457_131313,20200728, -68.1030000, -14.5638334
076A_10656_131313,20200728, -67.6178889, -16.5545556
076A_10855_131313,20190511, -67.1084444, -18.5410000
076A_11050_131113,20190511, -66.5857778, -20.5246667
076A_11251_131313,20200716, -66.0823333, -22.5149445
076A_12043_131313,20201008, -63.8058889, -30.4311667
076D_09725_121107,20170304, 110.2916667, -7.1556111
077A_06542_121611,20191125, -76.4302222, 24.5727222
077A_06920_111506,20191125, -75.6885000, 20.9973889
077D_03697_131313,20170310, 98.8272778, 53.0067778
077D_03895_131313,20200902, 98.2284445, 51.0276111
077D_04093_131313,20160905, 97.6717220, 49.0495563
077D_04887_131313,20201026, 95.7186111, 41.1048889
077D_05086_131313,20201213, 95.2428333, 39.1181667
077D_05285_131313,20160917, 94.7578310, 37.1323894
077D_05487_141313,20160917, 94.3233298, 35.1182218
077D_05685_121313,20160917, 93.8783353, 33.1236135
077D_05882_131313,20160917, 93.4595512, 31.1592792
077D_06082_131313,20201026, 93.0746111, 29.1605555
077D_06282_131313,20160905, 92.6989434, 27.1618350
077D_06482_131313,20201201, 92.2408333, 25.1719444
077D_06682_131313,20201213, 91.8646667, 23.1693333
078A_07049_131313,20190506, -99.5005000, 19.5118333
078A_07241_101313,20200406, -99.5000000, 17.5112778
078D_05037_131313,20160906, 70.6892779, 39.6036691
078D_05237_131313,20160906, 70.2165532, 37.6178355
078D_05435_131313,20160906, 69.7637758, 35.6197783
078D_05634_131313,20160906, 69.3529988, 33.6302777
078D_05834_131313,20160906, 68.9311084, 31.6377774
078D_06033_131313,20160906, 68.5056115, 29.6428891
078D_06233_131313,20160906, 68.1009434, 27.6475002
078D_06442_151413,20160906, 67.6747224, 25.5444449
079A_02996_131313,20190506,-134.7755556, 59.3465000
079D_04617_081313,20200804, 46.9964445, 43.8678889
079D_04810_141313,20200804, 46.5181667, 41.8850000
079D_05011_131313,20161223, 46.0525556, 39.8697778
079D_05210_131313,20210401, 45.5919723, 37.8821944
079D_05408_131313,20160918, 45.1499430, 35.8915561
079D_05607_131313,20160918, 44.8882759, 34.7554437
079D_05807_131313,20171130, 44.3174445, 31.9033889
079D_07502_111213,20161211, 40.8677222, 15.0380555
079D_07694_131313,20161211, 40.4607778, 13.0413889
079D_07894_131313,20161211, 40.0613889, 11.0429444
079D_08094_131313,20161211, 39.6523333, 9.0431666
079D_08294_131313,20161211, 39.2414445, 7.0446666
079D_08494_131313,20161211, 38.8393889, 5.0431666
079D_08893_131313,20161223, 38.0002222, 1.0451111
079D_09093_131313,20170428, 37.5910000, -0.9532222
079D_09298_141313,20170919, 37.1461111, -3.0053334
080D_04608_131313,20160906, 22.3084986, 43.8848336
080D_04807_131313,20160906, 21.8255533, 41.8973899
080D_05003_131312,20160906, 21.3728313, 39.9400577
080D_05196_131104,20160906, 20.9283879, 37.9789445
080D_05201_141104,20200611, 20.9146667, 37.8975000
080D_05328_010000,20160906, 21.5469432, 36.6953320
080D_06835_131313,20170311, 17.5109445, 21.6361667
080D_07035_131313,20170311, 17.1047778, 19.6359444
081A_10691_130200,20200605, 168.6168889, -16.8057222
081A_10907_000800,20190927, 169.5843333, -19.0612222
081A_12528_140900,20191108, 173.9738333, -35.2815000
081A_12694_111110,20191108, 175.0367222, -36.9353333
081A_12881_141414,20191108, 175.7495556, -38.7801667
081A_13045_090804,20191108, 176.4086667, -40.4867778
081D_05173_131313,20190430, -3.7042222, 38.2430000
081D_05480_000200,20200804, -4.4477778, 35.1880555
081D_05585_131213,20200804, -4.6150000, 34.1507777
082A_09453_131313,20200723, 141.4671667, -4.5240556
082D_05128_030500,20170305, -27.8243889, 38.6660000
083A_05460_050904,20171013, 133.1591667, 35.5574444
083A_05602_131212,20170907, 133.5131111, 33.9260555
083D_08666_131313,20201108, -60.2668889, 3.3291666
083D_10461_131313,20200729, -64.2880000, -14.6257222
083D_10659_131313,20200729, -64.7916111, -16.6120556
083D_10858_131313,20200729, -65.2931667, -18.5998889
083D_11056_131313,20170311, -65.8241667, -20.5815556
083D_11254_131313,20190430, -66.3373889, -22.5697778
083D_11452_131313,20170311, -66.9179444, -24.5500000
083D_11651_131313,20170311, -67.4616667, -26.5301111
083D_11848_131313,20200605, -68.0510555, -28.5020556
083D_12046_131313,20200605, -68.6556667, -30.4763333
083D_12243_131313,20200717, -69.2662778, -32.4517778
083D_12440_131313,20170311, -69.9074444, -34.4196667
083D_12636_131313,20170311, -70.6072222, -36.3842222
083D_12832_131313,20170311, -71.3235555, -38.3421111
083D_13027_131313,20170311, -72.0902778, -40.2941667
083D_13222_131313,20170311, -72.9005555, -42.2423889
083D_13416_131313,20200729, -73.7500556, -44.1832778
083D_13636_131303,20200729, -74.2280000, -46.1389445
083D_13794_090700,20200729, -74.6690000, -47.8603334
084A_04529_131313,20160930, 106.3627184, 44.7129458
084A_05125_131313,20160906, 107.7688349, 38.7508884
084A_05324_131313,20160906, 108.2211641, 36.7615575
084A_05722_131313,20160918, 109.0812238, 32.7755580
084A_05922_131313,20200430, 109.5031667, 30.7828333
084A_06122_131313,20201015, 109.9196111, 28.7888889
084D_07797_001213,20170305, -83.5465555, 12.0532778
084D_08014_091312,20170305, -83.5828889, 9.9248333
084D_08033_121612,20200617, -83.6499444, 9.6783889
084D_08144_040400,20200617, -83.5214444, 8.5573889
085A_05058_131313,20160906, 82.9204959, 39.4238914
085A_05256_131313,20160906, 83.3925553, 37.4403884
085A_05455_131313,20160906, 83.8612174, 35.4540003
085A_05654_131313,20160906, 84.3065542, 33.4624455
085A_05853_131313,20160906, 84.7264994, 31.4688337
085A_06053_131313,20160906, 85.1487187, 29.4702239
085A_06253_131313,20160906, 85.5220025, 27.4747786
085A_06453_131313,20160906, 85.9123360, 25.4762786
086A_04814_131313,20160906, 57.6526090, 41.8646674
086A_05013_131313,20160906, 58.1189425, 39.8785568
086A_05211_131313,20160906, 58.5752766, 37.8903360
086A_05410_131313,20160906, 59.0330548, 35.9005013
086A_05609_131313,20160906, 59.4663307, 33.9099452
086A_06008_131313,20160918, 60.2987208, 29.9198345
086A_06208_131313,20160918, 60.7178889, 27.9256126
086A_06402_111313,20160918, 61.1246091, 26.1418906
086D_03707_131313,20190617,-123.3835000, 52.8984444
086D_03905_131313,20170311,-123.9539444, 50.9200000
086D_04090_131308,20190617,-124.4978889, 48.9673889
087A_04904_121313,20160906, 33.1793870, 40.9672238
087A_05101_131313,20160906, 33.6479426, 39.0048908
087A_05317_121617,20160906, 34.1536115, 36.7110564
087A_05529_040414,20160906, 34.6621109, 34.3869469
087A_05786_051311,20201220, 35.0995000, 32.4255000
087A_07674_141414,20161223, 39.0081111, 13.2623333
087A_07889_141413,20161223, 39.4479445, 11.0962222
087A_08102_131312,20161223, 39.8769444, 8.9845555
087A_08308_141414,20161223, 40.2940556, 6.9302222
087D_07004_060904,20170305,-155.6430555, 19.8551111
088A_03925_131313,20190424, 5.9870000, 50.7571666
089D_03168_000914,20200804, 163.5087917, 58.2330000
089D_09264_040303,20200605, 150.3593333, -2.6500000
089D_09556_080911,20170305, 149.7419444, -5.5137778
089D_09934_140913,20170305, 148.9190556, -9.1993334
090D_05485_121414,20170305, 133.4766111, 35.1733333
090D_05651_051011,20190331, 133.0520000, 33.2922222
090D_05817_000008,20201009, 131.8131111, 31.8254444
090D_08876_130400,20170317, 126.8662222, 1.3465555
090D_09898_131213,20170305, 124.2805000, -8.9608889
090D_09997_000201,20200617, 123.6561667, -9.9525556
090D_10022_020407,20200605, 123.9346667, -10.2700556
091A_07457_120000,20200816, -60.9668889, 15.4411666
091A_12393_000007,20200331, -71.9250000, -33.9015556
091A_12595_081313,20200319, -72.1955000, -35.8040556
091A_12777_131313,20181219, -71.4785556, -37.7617778
091D_08678_131314,20200804, 102.2262778, 3.2032222
091D_08884_141313,20200804, 101.7981111, 1.1531666
091D_09086_131313,20170305, 101.3805000, -0.8763889
091D_09272_091105,20170305, 101.0009444, -2.6546667
092A_07524_171615,20200617, -84.7411667, 14.8171667
092A_07741_131013,20190506, -84.2783333, 12.5141666
092A_07777_161716,20200617, -84.2221111, 12.2347222
092A_07941_091203,20190506, -83.9520556, 11.1120000
092A_08036_141719,20200617, -83.6585000, 9.4855555
092A_08084_081213,20190506, -83.5618889, 9.0158333
092D_05115_151414,20160919, 84.9097739, 38.8332239
092D_05336_141514,20170604, 84.3510556, 36.6254444
092D_05554_141414,20210114, 83.8436667, 34.4440000
092D_05767_131414,20160919, 83.4067728, 32.2807217
092D_05981_121313,20160919, 82.9773892, 30.2052223
092D_05982_141513,20201028, 82.9923889, 30.0889444
092D_06191_141214,20160919, 82.5672214, 28.1188900
092D_06405_141415,20160919, 82.2595020, 26.5091676
092D_06628_151414,20200712, 81.7063333, 23.7112778
093A_04430_131313,20200120,-116.0586667, 45.6985555
093A_04628_131313,20200120,-115.5560000, 43.7147222
093D_05078_131313,20160919, 60.3290538, 39.2005006
093D_05277_131313,20160919, 59.8692202, 37.2122229
093D_05476_131313,20160919, 59.4284438, 35.2223337
093D_05675_131313,20160919, 58.9903878, 33.2314473
093D_05874_131313,20160919, 58.5498887, 31.2376671
093D_06074_131313,20160919, 58.1438321, 29.2450009
093D_06273_131313,20160919, 57.7323335, 27.2491120
093D_06417_040510,20160919, 57.3758868, 25.5273344
094A_02536_131313,20201010,-146.9125000, 64.6421667
094A_02732_131313,20200904,-146.1066666, 62.6788333
094A_02927_141212,20200904,-145.2982500, 60.6825000
094D_04913_101213,20160907, 36.0278313, 40.9575016
094D_05100_131313,20160907, 35.5506114, 38.9683340
094D_05288_130913,20160907, 35.1140534, 37.0087778
094D_05480_120210,20160907, 34.6989417, 35.1011684
095A_03649_040505,20200401,-167.5362778, 53.5125000
095D_04389_131313,20160907, 12.5791099, 46.0750575
095D_04589_131313,20160907, 12.0888321, 44.0906684
095D_04767_130707,20160907, 11.6116649, 42.1318893
096A_09625_110000,20191028, 155.4678333, -6.2408334
096A_13556_161717,20191227, 168.4459444, -45.5586111
096D_06193_040504,20190320, -16.1403889, 28.2126111
097A_04619_080807,20190501, 145.6831111, 43.7917778
097A_09049_091312,20200724, 130.2928889, -0.5211111
098A_09673_121312,20190507, 106.9652778, -6.6038889
098D_10484_131109,20190618, -74.6310555, -14.9730000
099A_04855_080909,20160907, 96.8845569, 41.3587775
099A_05018_131313,20160907, 97.2419393, 39.8132772
099A_05217_131313,20160907, 97.7246622, 37.8246690
099A_05416_131313,20160907, 98.1566096, 35.8364458
099A_05417_131313,20160907, 98.1649444, 35.8361111
099A_05615_131313,20160907, 98.6042183, 33.8455580
099A_05815_131313,20160907, 99.0360539, 31.8536664
099A_06014_131313,20160907, 99.4548901, 29.8597781
099A_06214_131313,20160907, 99.8508311, 27.8637797
099A_06414_131313,20160907, 100.2603883, 25.8660004
099A_07013_131313,20160919, 101.4428320, 19.8694455
099D_07183_130908,20200401, -92.1718889, 18.4091666
099D_07205_161211,20200401, -92.2222222, 18.1595000
099D_07357_131313,20170306, -92.5626111, 16.4120555
099D_07414_161310,20200401, -92.7371111, 15.7233889
099D_07499_070400,20190618, -92.5451111, 14.9105000
100A_04841_131313,20160907, 72.1763848, 41.5100559
100A_05036_121313,20200606, 72.6166111, 39.6337222
100A_05236_141313,20160919, 73.0902792, 37.6475004
100A_05438_131313,20160919, 73.5428852, 35.6266665
100A_05637_131313,20160919, 73.9274437, 33.6344471
100A_06036_131313,20160919, 74.6980022, 29.9778888
100D_04517_131313,20170306,-111.1575000, 44.8042778
100D_04716_131313,20170306,-111.6683889, 42.8175555
100D_04915_131313,20200114,-112.1329444, 40.8323889
100D_05113_131313,20170306,-112.5897222, 38.8419444
100D_05313_131313,20170306,-113.0265556, 36.8527222
100D_05711_131313,20190519,-113.8950556, 32.8695555
100D_05917_141413,20170411,-114.3292778, 30.8221666
101A_04411_111112,20191127, 46.3671667, 45.8753889
101A_04597_131313,20191127, 46.8484445, 44.0300000
101A_04798_131413,20191127, 47.3401111, 42.0151111
101A_04997_131413,20200314, 47.8065556, 40.0274444
101A_05193_131313,20191127, 48.2597222, 38.0677778
101A_05392_131313,20191127, 48.6998333, 36.0775555
101A_05600_141515,20191127, 49.1563333, 34.0040000
101A_05808_131313,20160907, 49.6016107, 31.9294998
101A_05977_060913,20160907, 50.0148306, 29.9358900
101A_06166_041107,20160907, 50.3341081, 28.3822791
101A_09463_131313,20190507, 32.4386667, -4.6330556
101A_10063_131313,20200531, 33.7996667, -10.6159444
101A_10261_131313,20200531, 34.2598333, -12.6109445
101D_03363_131313,20170312,-132.6044444, 56.3450555
101D_03524_080800,20170312,-132.5335555, 54.7548889
102A_04177_131313,20160907, 21.1082204, 48.2336105
102A_04971_141314,20160907, 23.0792755, 40.2927782
102A_05176_131313,20160907, 23.5521645, 38.2496668
102A_05391_131616,20160907, 24.0420539, 36.0096678
102D_02544_131313,20201004,-154.0636667, 64.5355000
102D_02741_131313,20200501,-154.9592528, 62.5720541
102D_02937_131313,20200501,-155.7727027, 60.6050972
102D_03135_131313,20170312,-156.4988333, 58.6343333
102D_03311_000303,20200724,-157.8820000, 56.8731666
102D_03323_121113,20170312,-157.1843333, 56.6623333
102D_03341_121118,20201028,-157.3065555, 56.2518333
102D_03465_000006,20200501,-159.0451667, 55.3489444
103A_07010_121313,20190507, 2.6941111, 19.8919444
103D_03792_030102,20170306, 176.6882778, 52.0901667
104D_09523_131313,20200724, 139.4734445, -5.2412222
105A_10422_131313,20200730, -64.1053333, -14.2242778
105A_10622_131313,20200730, -63.6076667, -16.2115556
105A_10820_131313,20200730, -63.1128889, -18.2008889
105A_11019_131313,20200730, -62.6086667, -20.1891667
105D_06687_131008,20191127, 120.6416667, 23.0554444
105D_07423_130000,20200724, 119.9461111, 15.7608333
105D_08392_111313,20200805, 117.2140000, 6.1234444
105D_08586_131313,20200724, 116.8098889, 4.1230555
105D_09782_131111,20170306, 114.2687778, -7.7531111
106A_09048_000909,20201210, -91.5055000, -0.4693333
106A_09090_000404,20200731, -91.2960000, -0.8853334
106D_03814_131313,20170312, 102.5911667, 51.8363333
106D_04012_131313,20201103, 102.0153333, 49.8576111
106D_05049_131313,20160919, 99.4418866, 39.4907789
106D_05248_131313,20160919, 98.9873870, 37.5018352
106D_05447_131313,20160919, 98.5233343, 35.5133905
106D_05646_131313,20160919, 98.0893350, 33.5233343
106D_05845_131313,20160919, 97.6587193, 31.5295010
106D_06244_131313,20160907, 96.8630555, 27.5326678
106D_06445_131313,20160907, 96.4781073, 25.5375574
106D_06644_131313,20160907, 96.0690534, 23.5405565
106D_06844_131313,20160907, 95.6625020, 21.5433342
107A_06930_130000,20190502, -97.0079444, 20.7184444
107A_07051_231204,20200613, -96.0526111, 19.9665555
107A_07124_101204,20190502, -95.8509444, 18.9981111
107A_07287_131313,20200402, -95.4839444, 17.1351111
107A_07298_151315,20200613, -95.4563333, 16.9976111
107A_09015_000505,20201029, -91.3660000, -0.1363889
107A_09018_000205,20201017, -91.3660000, -0.1363889
107D_04890_131313,20160920, 75.1059993, 41.0800548
107D_05092_141313,20160920, 74.6335565, 39.0710556
107D_05486_131313,20160908, 73.7747189, 35.1100584
107D_05686_131313,20160908, 73.3652793, 33.1138911
107D_05886_131313,20160908, 72.9533344, 31.1204439
107D_06085_131313,20160908, 72.5338843, 29.1272791
107D_06286_131313,20160908, 72.1336685, 27.2160572
107D_06498_131413,20161002, 71.6833326, 24.9997796
108A_03087_131313,20190508,-130.3263889, 58.8915000
108A_03285_131313,20190508,-129.6241111, 57.1545555
108A_03483_131313,20190508,-128.9749444, 55.1796666
108D_05237_030413,20161201, 49.7868333, 38.1355555
108D_05387_141313,20170211, 49.3262778, 36.0941111
108D_05585_121313,20160920, 48.8989969, 34.1595566
108D_05781_131313,20160920, 48.4605000, 32.1630018
109D_04925_131313,20160908, 25.6893319, 40.7211136
109D_05155_171613,20160908, 25.1684980, 38.4588892
109D_05390_141615,20160908, 24.6334985, 36.0510017
110A_03818_040303,20190830,-177.3162778, 51.8193333
111A_03605_131313,20200115, 157.3378889, 53.9523889
111A_03775_131006,20190508, 157.9297222, 51.9741111
111A_09704_121313,20200701, 146.1310000, -7.0612222
111D_02489_111313,20170406, -15.9676389, 65.0543611
112A_05300_030808,20190514, 136.9661111, 37.0119444
112A_05454_131213,20171027, 137.3080556, 35.4373333
112A_09051_071616,20201023, 119.9948889, -0.4226111
112A_09265_131311,20200109, 120.4751111, -2.6693889
112A_09831_050508,20190508, 121.6932222, -8.2137222
112D_10392_131313,20200725, -59.9545556, -13.9311111
112D_10590_131313,20200731, -60.4977222, -15.9072222
112D_10788_131313,20200731, -60.9920556, -17.8962222
112D_10987_131313,20200731, -61.4970555, -19.8846667
112D_11185_131313,20200731, -62.0229444, -21.8693334
112D_11383_131313,20200731, -62.5587222, -23.8528334
112D_11977_131313,20200719, -64.2807222, -29.7872222
112D_12174_131313,20200731, -64.9162778, -31.7557222
112D_12370_131313,20190830, -65.5622222, -33.7245556
112D_12567_131313,20200731, -66.2373889, -35.6890556
112D_12763_131313,20200731, -66.9552222, -37.6470556
112D_12958_131313,20200731, -67.7009444, -39.6022222
112D_13153_131313,20170301, -68.5041111, -41.5491667
112D_13347_131313,20200731, -69.3384444, -43.4926667
112D_13540_131313,20200731, -70.2338333, -45.4280000
112D_13733_131313,20200731, -71.1970556, -47.3542222
112D_13925_131313,20200731, -72.2241667, -49.2731111
113A_05672_131313,20201017, 113.0771667, 33.2886111
113A_05871_131313,20201017, 113.4972778, 31.2951666
113A_06070_131313,20201017, 113.9209445, 29.3018333
113D_08140_101412,20170307, -79.7427778, 8.5155000
114A_04598_131313,20160908, 85.9381667, 44.0226662
114A_04994_131313,20160908, 86.8897800, 40.0482789
114A_05193_131313,20160908, 87.3648291, 38.0643342
114A_05391_131313,20160908, 87.8493291, 36.0767221
114A_05591_131313,20160908, 88.2831620, 34.0866659
114A_05790_131313,20160908, 88.7170025, 32.0941681
114A_05990_131313,20160908, 89.1297199, 30.1020563
114A_06191_131313,20160908, 89.5368908, 28.0998345
114A_06391_131313,20200315, 89.9185000, 26.1033333
114A_06590_131313,20160920, 90.2905549, 24.1023900
114A_06765_080913,20160920, 90.6222212, 22.4925004
114D_07092_131313,20170307,-102.3355000, 19.0622222
115A_05011_131313,20160920, 62.2227753, 39.8921131
115A_05210_131313,20160920, 62.6792195, 37.9033885
115A_05409_131313,20160920, 63.1363312, 35.9145577
115A_05608_131313,20160920, 63.5798316, 33.9235584
115A_05807_131313,20160920, 64.0009991, 31.9315568
115A_06007_131313,20160920, 64.4232200, 29.9367780
115A_06206_131313,20160920, 64.8387767, 27.9433346
115A_06395_111113,20160920, 65.2307754, 26.0295007
115D_03809_131313,20170301,-119.5939444, 51.8972222
115D_04208_141313,20170301,-120.6725555, 47.9087222
115D_04601_131313,20170307,-121.6494444, 43.9611111
115D_04800_131313,20170307,-122.1400555, 41.9758333
115D_04999_131313,20170307,-122.6060000, 39.9857222
116A_04861_050200,20160908, 36.7134425, 41.5035571
116A_04961_171411,20200613, 37.4052778, 40.5649444
116A_04978_131311,20160908, 37.4700527, 40.2650004
116A_05167_121313,20160908, 37.9172767, 38.3317241
116A_05367_141313,20160908, 38.3604992, 36.3380571
116A_05582_141515,20160908, 38.8260546, 34.1846132
116A_07393_131313,20190514, 42.5578333, 16.0786666
116A_07590_121313,20190502, 42.9593333, 14.0800555
116A_07783_141305,20190502, 43.3411667, 12.1631666
117A_04664_131312,20160908, 12.0534984, 43.3959471
117A_04827_031113,20160908, 12.5137207, 41.4093326
117D_03705_010404,20200911,-168.6961111, 52.8602222
118A_02381_080510,20200601, -20.3612296, 66.2784731
118D_02678_131313,20200315, 170.3424759, 63.2019865
118D_02874_131313,20200315, 169.5176349, 61.2352191
118D_12767_121313,20200725, 144.9161111, -37.6932222
119D_05226_070704,20190731, 138.1455556, 37.7862778
119D_05226_130704,20201011, 138.2706111, 38.2821111
119D_05372_141313,20170307, 137.8240556, 36.2660000
119D_05525_040809,20170903, 137.4362778, 34.6057778
119D_09037_151011,20200725, 130.3077778, -0.1534445
119D_09370_100707,20170319, 129.5607222, -3.6801667
120A_08993_090910,20201128, -77.5748889, 0.0692222
120A_09002_080809,20201104, -77.5581667, -0.0141667
120A_09163_131313,20191128, -77.2262778, -1.6276111
120A_10362_131313,20200731, -74.5341667, -13.6002778
120A_11498_000010,20200719, -70.5220000, -24.9548333
120A_11695_001013,20200613, -70.5881667, -26.8121111
120A_11887_131313,20200613, -70.3845000, -28.8582778
120A_12080_121313,20200613, -69.7967778, -30.8307778
120D_03364_131313,20170301, 118.3825000, 56.3362778
120D_09443_131313,20170307, 104.7220000, -4.4445000
121A_06761_101111,20200806, -82.1325556, 22.3574444
121A_08741_060711,20200812, -78.1461111, 2.7573333
121A_08908_131313,20210115, -77.7557778, 0.9273889
121A_90526_090807,20210115, -77.6686667, 0.5107222
121D_04874_131313,20160921, 89.5864441, 41.2398900
121D_05072_131313,20190620, 89.0597222, 39.2610555
121D_05271_131313,20160921, 88.6288349, 37.2692801
121D_05470_131313,20160921, 88.1732737, 35.2821681
121D_05668_131313,20160921, 87.7384428, 33.2889449
121D_05867_131313,20160921, 87.3121666, 31.2961116
121D_06067_131313,20160921, 86.8963868, 29.3044448
121D_06267_131313,20160921, 86.5065567, 27.3026684
121D_06468_131313,20160921, 86.2147191, 25.7192226
122A_04687_131313,20190515,-111.2916667, 43.1269444
122A_04886_131313,20191229,-110.8191667, 41.1398889
122A_05483_131313,20190515,-109.4713333, 35.1706667
122A_06886_000416,20190509,-106.1336667, 20.9709444
122D_04974_131313,20160909, 64.6790545, 40.2316688
122D_05173_131313,20160909, 64.2198863, 38.2433911
122D_05372_131313,20160909, 63.7713890, 36.2566134
122D_05571_131313,20160909, 63.3169989, 34.2655003
122D_05771_131313,20160909, 62.8837767, 32.2715555
122D_05971_131313,20160909, 62.4726651, 30.2786122
122D_06170_131313,20160909, 62.0558324, 28.2858339
122D_06369_131313,20160909, 61.6428314, 26.3237786
122D_06480_030202,20160909, 61.4236088, 25.3268339
123D_04534_131313,20160909, 41.0477199, 44.6405551
123D_04674_090603,20160909, 40.6121087, 42.9833327
123D_04925_130707,20160909, 40.1746640, 41.0525015
123D_05095_141313,20160909, 39.6829978, 39.0383325
123D_05293_121313,20160909, 39.2520005, 37.0440027
123D_05489_131313,20160909, 38.8185549, 35.0817215
123D_05689_131313,20160909, 38.3841114, 33.0910552
124A_02951_051312,20200813,-165.9304583, 60.7098333
124A_03521_060410,20191030,-163.8538889, 54.9046111
124A_06996_091406,20181222,-155.7197778, 20.0362778
124D_04017_131313,20160909, 17.6989427, 49.8025015
124D_04414_131313,20160909, 16.6504985, 45.8388899
124D_04599_131308,20160909, 16.1587205, 43.8824993
124D_04854_171313,20160909, 15.6169433, 41.5936673
124D_05178_010601,20160909, 14.8540542, 38.4412793
124D_05291_081406,20160909, 14.5166102, 36.8408330
124D_08647_050000,20170308, 8.4322778, 3.5189444
125A_02695_131313,20200316, 168.4305204, 63.0426724
125A_02884_101313,20200316, 169.2496502, 61.0751766
125A_13317_141516,20191229, 171.5032778, -43.2882778
126A_04429_040405,20190503, 149.3028333, 45.7911667
127A_06092_000008,20190503, 129.2652222, 29.0848333
127A_06256_070603,20190503, 128.7431111, 27.2241111
127A_09749_121312,20190503, 111.2441667, -7.4817778
127D_10022_131313,20200930, -69.3912222, -10.3200000
127D_10221_131313,20200930, -69.8746111, -12.2225556
127D_10619_131313,20170302, -70.8331667, -16.2008334
128A_04973_131313,20160909, 101.2358875, 40.2697218
128A_05172_131313,20160909, 101.6999442, 38.2830580
128A_05371_131313,20160909, 102.1620520, 36.2950549
128A_05570_131313,20160909, 102.6042238, 34.3036671
128A_05769_131313,20160909, 103.0244997, 32.3113894
128A_05969_131313,20160909, 103.4421627, 30.3168905
128A_06168_131313,20160909, 103.8500573, 28.3201687
128A_06368_131313,20160909, 104.2674401, 26.3259449
128A_06567_131313,20160909, 104.6748862, 24.3301681
128A_06767_131313,20201018, 105.0738333, 22.3308889
128D_06934_131312,20200819, -87.5896667, 20.6693889
128D_07132_131313,20200819, -87.9943889, 18.6707778
128D_07331_131313,20200819, -88.4357222, 16.6805000
128D_07531_131313,20170308, -88.7990000, 14.6737222
128D_07552_151615,20200620, -88.8503333, 14.4810555
128D_07650_030403,20170308, -89.0436667, 13.4793889
128D_09016_110500,20170308, -91.2565000, -0.1154445
129A_04939_131313,20160909, 76.4884962, 40.6158355
129A_05138_131313,20160909, 76.9433900, 38.6286123
129A_05337_131313,20160909, 77.4346062, 36.6394461
129A_05535_131313,20160909, 77.8712728, 34.6528340
129A_05735_131313,20201205, 78.2707222, 32.6547778
129A_05935_131313,20160909, 78.6828353, 30.6616661
129A_06134_131313,20160909, 79.0827217, 28.6649451
129A_06317_111111,20160909, 79.4474419, 26.9186675
129D_05049_131313,20170308,-108.3315555, 39.4926111
129D_05647_131313,20170308,-109.6487778, 33.5178333
129D_06459_131617,20200620,-111.3222222, 25.4591111
129D_06492_131211,20170308,-111.4212222, 24.9587778
130A_04565_161616,20191129, 50.8546667, 44.3455555
130A_05394_131213,20191129, 52.8278889, 36.0650555
130A_05590_131313,20191129, 53.2555000, 34.1029444
130A_05789_131313,20160909, 53.6896648, 32.1147786
130A_05989_131313,20160909, 54.1172208, 30.1186118
130A_06188_131313,20160909, 54.5192767, 28.1229450
130A_06248_212118,20200620, 54.6401667, 27.4816667
130A_06402_151514,20160909, 54.9457207, 25.9854462
130A_09032_111110,20190509, 35.6391667, -0.3143889
130A_09212_131313,20190509, 36.0283333, -2.1162778
130A_09412_131313,20190509, 36.4582222, -4.1142778
130D_03464_131313,20170302,-128.8055555, 55.3427222
131A_04551_131313,20160909, 26.1791649, 44.4996682
131A_04945_121313,20160909, 27.1377772, 40.5262784
131A_04951_141313,20200614, 27.1408889, 40.4963333
131A_05153_131313,20160909, 27.6057766, 38.4847216
131A_05336_121011,20160909, 28.0321105, 36.5778338
131D_02611_131313,20201006,-150.2953333, 63.8685000
131D_02807_131313,20200726,-151.1590000, 61.9053333
131D_03002_121313,20170531,-151.8946111, 59.2935000
131D_03199_051313,20170519,-152.6314444, 57.9349444
131D_03326_000405,20200503,-153.8117778, 56.6925000
132A_04801_121009,20190620, 2.1438333, 41.8930000
132D_11073_070604,20200930, 164.5736667, -20.8187222
133D_03632_111406,20170308, 156.9105000, 53.5765000
133D_03772_030000,20170308, 157.3811111, 52.2742778
133D_09451_141313,20170308, 143.7629444, -4.5063889
134D_04757_131313,20170829, 128.9318751, 42.4107638
134D_05569_061312,20170302, 127.0570556, 34.1222222
134D_07688_131313,20170308, 122.7679444, 13.1022222
134D_07892_131210,20170308, 122.3540000, 11.0442778
134D_08070_110302,20200807, 121.9732222, 9.2174444
134D_08320_120701,20200807, 121.5726111, 7.2425555
134D_08966_081302,20200807, 120.1411111, 0.3575000
134D_09191_141311,20201018, 119.6653889, -1.8608334
134D_09419_171805,20200825, 119.1485000, -4.2477222
134D_09864_100610,20170320, 118.1901111, -8.6608333
135A_07183_020404,20200807, -66.8885555, 18.1123889
135A_13535_111313,20200726, -74.1720000, -45.3159445
135A_13722_131313,20190509, -73.4741111, -47.2188889
135A_13914_131313,20190509, -72.4467778, -49.1374445
135D_03634_131313,20200930, 107.2282778, 53.6346111
135D_03832_131313,20200930, 106.6412222, 51.6570000
135D_05023_131313,20160921, 103.6334432, 39.7485568
135D_05222_131313,20160921, 103.1718337, 37.7595575
135D_05421_131313,20160921, 102.7176644, 35.7723899
135D_05620_131313,20160921, 102.2733337, 33.7825552
135D_05819_131313,20160921, 101.8371687, 31.7891105
135D_06019_131313,20160921, 101.4198843, 29.7958906
135D_06218_131313,20160921, 101.0232211, 27.8007238
135D_06418_131313,20160921, 100.6226097, 25.8040014
135D_06618_131313,20160909, 100.0304954, 22.8907779
135D_08570_121708,20170308, 96.2382778, 4.0336666
136A_07130_040508,20200410, -91.7203333, 18.8750000
136A_07227_161720,20200615, -91.4982778, 17.8797778
136A_07268_131313,20200410, -91.3702778, 17.3248333
136A_07496_151719,20200627, -90.8981667, 14.8796111
136A_07522_091613,20181223, -90.8985556, 14.8810555
136D_04051_131413,20201025, 81.3435000, 49.4462222
136D_05046_131313,20160922, 78.8931135, 39.5191687
136D_05250_131414,20160922, 78.4054414, 37.4766670
136D_05454_131313,20160922, 77.9376671, 35.4338897
136D_05654_131313,20160922, 77.4970012, 33.4414450
136D_05854_131313,20160922, 77.0888901, 31.4418346
136D_06053_131313,20160922, 76.6918907, 29.4466123
137A_03844_131313,20190504,-123.8118889, 51.5648333
137A_04036_121213,20190504,-123.2580556, 49.5847222
137A_04234_141413,20190504,-122.7414444, 47.6862222
137A_04439_131313,20190504,-122.2040555, 45.6204444
137A_04637_131313,20190504,-121.7160556, 43.6346111
137A_04835_131313,20190504,-121.2300555, 41.6497222
137A_05034_131313,20190504,-120.7706667, 39.6612222
137D_04960_131313,20181229, 54.4247222, 40.3853889
137D_05134_121305,20181229, 53.9695000, 38.4267778
137D_05365_151309,20200410, 53.5136667, 36.4677778
137D_05562_131313,20161203, 53.0510556, 34.3657778
137D_05761_131313,20160922, 52.6212782, 32.3735554
137D_05960_131313,20160922, 52.2064449, 30.3815556
137D_06141_131108,20160922, 51.7990531, 28.4665566
138D_04232_131313,20160910, 31.5264980, 47.6530000
138D_04954_131111,20160910, 29.7651654, 40.5412247
138D_05142_131313,20160910, 29.2973321, 38.5527216
138D_05325_090914,20160910, 28.8341661, 36.4789440
138D_05466_000001,20160910, 27.6026658, 35.3166670
138D_07465_131313,20170303, 24.4706667, 15.3308333
138D_07665_131313,20170303, 24.0666667, 13.3317222
139A_10820_011312,20201218, 177.5945556, -18.2916111
139D_04017_131313,20190422, 7.4109445, 49.7905000
139D_04415_131313,20160910, 6.3293873, 45.8262777
139D_04602_121211,20160910, 5.8756099, 43.9537794
139D_05409_131313,20201025, 4.0086111, 35.8898889
140A_03184_101313,20190510, 160.0333889, 58.2448889
140A_03370_131312,20190510, 160.7302222, 56.2733889
140A_09839_010402,20200609, 150.5255556, -8.4081111
140A_09956_121704,20200609, 150.7862778, -8.9023333
140A_09975_111403,20190510, 150.8342778, -9.1223334
140D_SM_FOGO_S4,20180127, -24.4358333, 14.9433333
141A_04773_020709,20190516, 139.8251111, 42.4398333
141A_04925_131313,20190516, 140.2139444, 40.7562778
141A_05118_131311,20190504, 140.6758889, 38.7683333
141A_05337_160700,20190504, 140.7665000, 36.4440000
141D_10399_131313,20200727, -55.8643333, -14.0028334
141D_10598_131313,20200727, -56.3453333, -15.9938333
141D_10797_131313,20200727, -56.8388333, -17.9831667
141D_10995_131313,20200727, -57.3453333, -19.9710000
141D_11392_131313,20200721, -58.4553889, -23.9275556
141D_11590_131313,20200721, -59.0110555, -25.9084445
141D_13900_131313,20200808, -68.0231667, -49.0143889
142A_07215_001012,20190504, 120.7633889, 17.8821111
142A_07411_111313,20190504, 120.7482222, 15.9469444
142A_07606_131313,20190504, 121.1490556, 13.9480000
142A_07985_081013,20200907, 121.9549444, 9.9497222
142A_08247_060909,20200802, 122.4175556, 7.6720000
142A_08911_060608,20201130, 123.8411111, 0.9608333
142D_08542_131313,20170303, -76.4624444, 4.5640000
142D_08746_141313,20170303, -76.8751667, 2.5376111
142D_08947_131313,20170619, -77.3177778, 0.5126666
142D_09147_131313,20161203, -77.7333333, -1.4847222
143A_04999_131313,20160910, 91.0231113, 40.0076668
143A_05218_171611,20160910, 91.5512213, 37.7446133
143A_05225_171616,20201019, 91.5502778, 37.7407222
143A_05452_131313,20160910, 92.0860517, 35.4816664
143A_05651_131313,20160910, 92.5211669, 33.4909456
143A_05850_131313,20160910, 92.9517747, 31.4989439
143A_06050_131313,20160910, 93.3505025, 29.5061676
143A_06250_131313,20201206, 93.7499445, 27.5047778
143A_06450_131313,20160922, 94.1175007, 25.5046117
143A_06650_131313,20160922, 94.5274983, 23.5082229
143A_06849_131313,20160922, 94.9477181, 21.5102239
143A_08674_131308,20190110, 98.6146111, 3.4069444
143A_08863_141313,20190510, 99.0354444, 1.3782222
143D_06933_131313,20170309, -97.8941111, 20.6572222
143D_07132_131313,20170309, -98.3013889, 18.6637778
143D_07197_212120,20200615, -98.4359444, 17.9960555
144A_05070_131313,20160922, 66.4775556, 39.2986129
144A_05269_131313,20160922, 66.9292734, 37.3130554
144A_05476_141414,20160922, 67.3984990, 35.2405006
144A_05684_131313,20160922, 67.8689452, 33.1644473
144A_05883_131313,20160922, 68.2830022, 31.1722241
144A_06083_131313,20160922, 68.7010013, 29.1758903
144A_06282_131313,20160922, 69.0992202, 27.1810014
144A_11114_000304,20190311, 55.6095000, -21.1420000
144A_SM_REUN_S6,20170725, 55.7030556, -21.0956945
144D_04504_131313,20200105,-117.2936667, 44.9388333
144D_04702_131313,20170309,-117.7915000, 42.9541667
144D_05102_121313,20170309,-118.7319444, 38.9509444
144D_05298_131313,20170321,-119.1751111, 36.9909444
145A_04550_131313,20160910, 40.6184981, 44.3083913
145A_04722_031313,20160910, 41.0453322, 42.5136120
145A_04956_121313,20160910, 41.5336116, 40.4758337
145A_05152_131313,20160910, 42.0060001, 38.4853914
145A_05351_131313,20160910, 42.4399969, 36.4953884
145A_05550_131313,20160910, 42.8694440, 34.5036665
145A_05749_131313,20160910, 43.3018883, 32.5111117
145A_05949_131313,20160910, 43.5460003, 31.4325012
145A_SM_MARI_S3,20180109, 37.7505555, -46.8772223
146A_04445_131313,20160910, 15.6260541, 45.5620012
146A_04653_161313,20160910, 16.1543316, 43.3541108
146D_12613_231107,20191130, 174.0005000, -37.2498889
146D_13495_001212,20191130, 170.0480000, -44.9377222
146D_13630_000707,20191130, 169.3938889, -46.3037222
147A_02373_060402,20200603, -16.2433133, 66.3097579
147A_02488_131211,20170402, -15.6081944, 65.0470278
147D_02713_131114,20200317, 174.3154350, 62.8857934
148D_04631_101009,20190907, 143.6308333, 43.6815555
149A_09838_131313,20200721, -71.6342222, -8.3824445
149A_10037_131313,20200721, -71.1793333, -10.3767778
149A_10236_131313,20201001, -70.6918333, -12.3637778
149A_10634_131313,20190504, -69.7402222, -16.3474445
149A_10834_131313,20190504, -69.2438333, -18.3361667
149A_11032_131313,20190504, -68.7358333, -20.3235556
149A_11230_131313,20190504, -68.2068889, -22.3076667
149A_11428_131313,20190504, -67.6537222, -24.2875556
149A_11626_131313,20200721, -67.1028889, -26.2703333
149A_12023_131313,20201001, -65.9332778, -30.2250000
149A_12220_131313,20201001, -65.3132222, -32.1971111
149D_09700_081210,20170309, 108.2841667, -6.9244444
150A_06876_121812,20200808, -77.7960000, 21.2323889
150A_07182_050605,20200808, -77.1712778, 18.1834444
150A_08373_131313,20190504, -74.7374444, 6.2752222
150A_08574_131313,20190504, -74.3300000, 4.2752778
150A_08774_131313,20200814, -73.9208333, 2.2747222
150D_03718_131313,20170303, 96.6954444, 52.7986111
150D_04313_131313,20161016, 95.0373904, 46.8552806
150D_04511_131313,20161016, 94.5353853, 44.8696671
150D_04908_131313,20200528, 93.6106667, 40.8958333
150D_05107_131313,20160922, 93.1401674, 38.9076694
150D_05505_131313,20160922, 92.2183313, 34.9333328
150D_05704_131313,20160922, 91.7874431, 32.9411134
150D_05903_131313,20160922, 91.3605010, 30.9487232
150D_06103_131313,20201230, 90.9631667, 28.9513333
150D_06303_131313,20160910, 90.5661651, 26.9537790
150D_06503_131313,20160910, 90.1902175, 24.9527790
150D_06703_131313,20160910, 89.7848345, 22.9558351
150D_06725_151616,20201031, 89.7251667, 22.7080555
150D_06823_020404,20160910, 89.5244448, 21.7088887
151A_07013_131313,20190511,-102.2028889, 19.8881666
151D_04843_131313,20160911, 69.0856643, 41.5420563
151D_05042_131313,20160911, 68.6247234, 39.5557241
151D_05241_131313,20160911, 68.1656129, 37.5683349
151D_05440_131313,20160911, 67.7146099, 35.5781117
151D_05639_131313,20160911, 67.2704394, 33.5891111
151D_05838_131313,20160911, 66.8544449, 31.5953361
151D_06038_131313,20160911, 66.4309431, 29.5988909
151D_06237_131313,20160911, 66.0341094, 27.6046121
151D_06412_110910,20160911, 65.6684971, 25.8336667
151D_11112_000300,20190312, 55.4710000, -21.1216111
151D_SM_REUN_S4,20180203, 55.6133334, -21.1505556
152D_04762_131313,20160911, 44.5810542, 42.3602244
152D_04960_131313,20160911, 44.1141655, 40.3744453
152D_05067_000400,20200722, 43.7872778, 39.3156666
152D_05159_131313,20160911, 43.6537221, 38.3889447
152D_05358_131313,20160911, 43.2021091, 36.3954468
152D_05558_131313,20160911, 42.7786646, 34.4036667
152D_05757_131313,20160911, 42.3501110, 32.4122220
152D_07515_131313,20161216, 38.7742222, 14.8317778
152D_07715_131313,20161216, 38.3510556, 12.8310000
152D_07915_131313,20161216, 37.9387222, 10.8337778
152D_08115_131313,20161216, 37.5430000, 8.8328333
152D_08315_131313,20161216, 37.1453889, 6.8337222
152D_08715_131313,20161204, 36.3164445, 2.8336111
152D_08884_060600,20200722, 36.3148333, 1.1565000
152D_08915_131313,20161204, 35.8935556, 0.8383889
152D_09114_131313,20170121, 35.4727778, -1.1630556
152D_09315_131313,20161204, 35.0468889, -3.1608889
152D_09913_131313,20170214, 33.7204445, -9.1506111
152D_10113_131313,20200529, 33.2505000, -11.1410556
153A_03052_110913,20200429,-161.2726224, 59.3302060
153A_03412_061209,20191125,-160.0596111, 55.8795555
153D_04498_131313,20160911, 20.5442766, 44.9955557
153D_04699_131413,20160911, 20.0438312, 42.9574437
153D_04877_091102,20160911, 19.6057764, 41.1378329
153D_05028_130306,20160911, 19.2432214, 39.5922236
153D_05041_150306,20200610, 19.2085556, 39.4277222
153D_05176_020000,20160911, 19.8683876, 38.2248327
153D_06939_131313,20170304, 15.2441111, 20.5907778
154A_02618_131313,20200318, 172.1900222, 63.8234011
154A_02795_131108,20200318, 173.0533443, 61.8582712
154A_03799_000003,20200728, 177.7262778, 52.0199444
154A_12568_000018,20191125, 173.5191667, -35.6906667
154A_13050_121723,20191125, 174.2181667, -40.0401111
155A_09160_040200,20200716, 138.3824444, -1.5353333
155A_09265_161410,20200610, 138.9551111, -2.5510000
155A_09280_131310,20190803, 139.0016667, -2.7063333
155A_09471_131313,20200716, 139.4435000, -4.7016111
155D_02362_010101,20200610, -21.5886666, 66.3556667
155D_02437_101011,20200112, -21.8682222, 65.5444166
155D_02471_131311,20170304, -21.9106389, 65.2452500
155D_02484_191814,20201225, -22.1308333, 65.0055000
155D_02579_100800,20200610, -21.8360000, 64.1550000
156A_05639_121313,20190728, 131.5142222, 33.6368889
156A_05796_080500,20190902, 131.4658889, 31.9731111
156A_09684_030105,20201008, 115.2194445, -6.9094445
156A_09814_081406,20181230, 115.4856111, -8.0183334
156D_07645_030914,20170310, -60.2987222, 13.5829444
156D_10432_131313,20200722, -66.2819444, -14.3367778
156D_10631_131313,20200722, -66.7837778, -16.3228889
156D_10829_131313,20170304, -67.2892222, -18.3087222
156D_11028_131313,20170304, -67.7951667, -20.2965556
156D_11226_131313,20190622, -68.3156111, -22.2837778
156D_11424_131313,20170304, -68.8614444, -24.2655000
156D_11622_131313,20170304, -69.4148333, -26.2447222
156D_11820_131313,20200604, -69.9981667, -28.2226111
156D_12017_131313,20200604, -70.4385000, -30.1979445
156D_12184_101305,20190610, -71.2301667, -32.1675000
156D_12325_040000,20190610, -70.6786111, -33.2651111
156D_12437_121300,20190610, -71.5223889, -34.3381667
156D_12652_131301,20190610, -72.3675000, -36.2071667
156D_12812_131309,20200722, -72.6980000, -38.1653333
156D_13022_131300,20200722, -73.5455000, -40.2237778
157A_04078_131313,20160923, 103.1557177, 49.2212215
157A_05082_131313,20160911, 105.6166111, 39.1798914
157A_05281_131313,20160911, 106.0658885, 37.1912238
157A_05481_131313,20160911, 106.5052232, 35.2007790
157A_05680_131313,20190604, 106.9309445, 33.2051666
157A_05879_131313,20161005, 107.3387747, 31.2111670
157A_06078_131313,20201020, 107.7697222, 29.2183889
157A_06278_131313,20201020, 108.1853889, 27.2233333
157D_07519_131413,20200622, -84.6682778, 14.7980000
157D_07716_131313,20170310, -85.0566111, 12.8259444
157D_07909_131307,20170310, -85.4599444, 10.8261666
157D_07913_141307,20200622, -85.4880000, 10.7460555
158A_05252_131313,20160911, 81.3216619, 37.4836119
158A_05451_131313,20160911, 81.7884978, 35.4947241
158A_05650_131313,20160911, 82.2402771, 33.5061120
158A_05849_131313,20160911, 82.6655564, 31.5137787
158A_06049_131313,20160911, 83.0830558, 29.5141120
158A_06249_131313,20160911, 83.4380509, 27.5192236
158A_06448_131313,20160911, 83.8461134, 25.5201667
158D_05548_131313,20170310,-105.3105000, 34.4980000
159A_04395_131313,20191225, 54.5517778, 46.0422222
159A_04594_131313,20191225, 55.0517222, 44.0578889
159A_04792_131313,20191225, 55.5351111, 42.0721667
159A_04992_131313,20160911, 56.0042199, 40.0866128
159A_05190_131313,20160911, 56.4684450, 38.1003882
159A_05389_131313,20160911, 56.9167780, 36.1097244
159A_05589_131313,20160911, 57.3587192, 34.1190581
159A_05788_131313,20160911, 57.7886660, 32.1294995
159A_05987_131313,20160911, 58.2173887, 30.1343346
159A_06187_131313,20160911, 58.6362211, 28.1393343
159A_06370_101013,20160911, 59.0187196, 26.2257789
159A_06375_101213,20200405, 59.0341111, 26.1406666
159D_03893_131313,20190610,-125.9923333, 51.0417778
159D_04031_080603,20201002,-126.4236667, 49.5304444
160A_04878_040206,20160911, 31.0630536, 41.2888349
160A_05003_131413,20160911, 31.3424980, 40.0181667
160A_05207_131313,20160911, 31.8320537, 37.9451665
160A_05413_021615,20160911, 32.2967208, 35.7595574
160A_08155_131313,20161228, 37.9306667, 8.4457778
160A_08350_131311,20161228, 38.3375000, 6.4461111
160D_02678_131313,20201008,-146.4826667, 63.1996667
160D_02805_050404,20200902,-147.0820000, 61.9431667
160D_03028_020206,20201008,-147.9557500, 59.6665000
161A_04594_121313,20160911, 5.7246652, 44.0298340
161A_05343_090806,20200902, 7.4519445, 36.6291111
161A_07111_131313,20200926, 11.1170556, 18.8948889
161D_03795_040404,20170304,-175.0924444, 52.0071667
162A_06192_060402,20190324, -15.4358889, 28.1988333
162D_09619_091314,20170310, 147.4972778, -6.3082222
162D_09831_121310,20200610, 147.0167778, -8.3761111
162D_09850_151410,20200610, 146.9590000, -8.6256111
162D_09961_040200,20200610, 147.0791111, -9.6996111
163D_05579_100804,20190803, 131.2335000, 34.3550000
163D_05736_131313,20170310, 130.8667778, 32.6096111
163D_05934_091414,20170310, 130.4263333, 30.5335000
163D_08148_061313,20190803, 125.7975556, 8.7010000
163D_08317_091313,20170310, 125.5795000, 6.6988889
163D_08543_040300,20170310, 125.4872222, 4.5208889
163D_08898_091005,20170310, 124.4310000, 1.1439444
163D_09852_050706,20170310, 122.3081667, -8.5892222
164A_07620_000518,20200809, -61.5319444, 13.8706666
164A_07697_000511,20200330, -61.4148333, 13.2881111
164A_08623_131313,20201107, -59.8642778, 3.7708333
164A_12791_021008,20200722, -72.9105000, -37.8010000
164A_12971_071312,20190411, -72.8478889, -39.5371111
164A_13146_131313,20190324, -72.0675000, -41.4568889
164A_13341_131313,20190505, -71.2329444, -43.4017778
164D_05472_131313,20160923, 106.7189421, 35.1750010
164D_05672_131313,20160923, 106.3194452, 33.2638888
164D_05871_131313,20160923, 105.8901090, 31.2700024
164D_06070_131313,20160923, 105.4722732, 29.2766667
164D_06270_131313,20160923, 105.0473856, 27.2826683
164D_06469_131313,20160923, 104.6341682, 25.2878350
164D_08729_151713,20200809, 100.5000000, 2.7993889
164D_08941_131113,20170310, 99.6188889, 0.5518889
164D_09101_040508,20200809, 99.5000000, -1.0609445
165A_06974_181809,20200728, -87.8733333, 20.1641667
165A_07001_131305,20200821, -87.7898889, 19.7768333
165A_07223_131000,20200821, -87.7321111, 17.6871667
165A_07533_171616,20200728, -86.7591667, 14.6986111
165A_07561_131313,20200809, -86.7070555, 14.3925000
165A_07753_101313,20200423, -86.2955555, 12.3946111
165A_07945_001113,20190511, -85.5153333, 10.4706111
165D_05064_131313,20160924, 82.9716619, 39.3367242
165D_05263_131313,20160924, 82.5119433, 37.3529465
165D_05462_131313,20160924, 82.0178291, 35.3626119
165D_05661_131313,20160924, 81.5899954, 33.3733897
165D_05860_131313,20160924, 81.1702239, 31.3808349
165D_06060_131313,20160924, 80.7656091, 29.3804447
165D_06260_131313,20160924, 80.4085016, 27.4905566
166A_04690_131313,20190506,-117.4713333, 43.0962222
166A_05087_131313,20200301,-116.5277778, 39.1223889
166A_05288_131313,20190412,-116.0881111, 37.1315555
166A_05486_131313,20190506,-115.6467222, 35.1406111
166A_05685_131313,20190506,-115.2142778, 33.1488889
166A_05868_131307,20191220,-114.7910556, 31.1566111
166A_06099_141310,20190506,-114.3658333, 29.1071666
166D_04944_131313,20160924, 58.5791084, 40.5355552
166D_05143_131313,20160924, 58.1153304, 38.5475560
166D_05342_131313,20160924, 57.6659442, 36.5585568
166D_05541_131313,20160924, 57.2066098, 34.5676690
166D_05740_131313,20160924, 56.7852753, 32.5748888
166D_05940_131313,20160924, 56.3628307, 30.5853340
166D_06139_131313,20160924, 55.9355005, 28.5882792
166D_06336_131312,20160924, 55.5470002, 26.6222238
167D_04884_131212,20160912, 34.0244444, 41.1889453
167D_05077_131313,20160912, 33.5529986, 39.2025016
167D_05276_131313,20160912, 33.1023322, 37.2117239
167D_05463_111100,20160912, 33.1252217, 35.3592228
168D_04455_131313,20160912, 10.3471100, 45.4281116
168D_04647_101504,20160912, 9.8507763, 43.3296124
168D_06724_131313,20170305, 5.3821111, 22.7426111
169A_03054_131310,20200810, 163.7390417, 59.4111667
169A_03274_140100,20200810, 163.8532778, 57.2731111
169A_09593_000011,20191027, 154.8909445, -5.9175000
169A_13625_001315,20191126, 167.4405000, -46.0876111
169D_00001_020800,20190319, -17.7880556, 28.2467222
170A_04675_131008,20190506, 143.7954445, 43.0621666
170D_11079_131313,20200804, -53.5000000, -20.8028333
170D_11278_131313,20200804, -54.0287778, -22.7868889
170D_11476_131313,20200804, -54.5753333, -24.7691111
171A_08263_131000,20190729, 126.2646667, 7.2566666
171A_09402_131313,20190828, 104.3094445, -4.0126111
171A_09587_041313,20190512, 104.7421111, -6.0104445
171D_08644_131313,20200325, -72.5757222, 3.5520555
171D_10399_090600,20200723, -76.0989444, -14.1043889
172A_04842_091010,20160912, 94.8084439, 41.4031656
172A_05014_131313,20160912, 95.1789990, 39.8575577
172A_05226_111616,20160912, 95.6892179, 37.6221142
172A_05237_161616,20201021, 95.7010556, 37.6191666
172A_05462_131313,20160912, 96.2017238, 35.3838894
172A_05661_131313,20160912, 96.6503870, 33.3933902
172A_05860_131313,20160912, 97.0702232, 31.3991139
172A_06060_131313,20160912, 97.4979994, 29.4016116
172A_06260_131313,20160912, 97.8879410, 27.4067233
172A_06459_131313,20160912, 98.2734973, 25.4096675
172D_07248_131213,20170311, -94.4072222, 17.5305000
172D_07281_171518,20200331, -94.4900555, 17.1159444
172D_07378_050406,20200331, -94.6955555, 16.1166666
173A_04754_131313,20160924, 69.8541679, 42.4617229
173A_05151_131313,20160912, 70.8175535, 38.4888900
173A_05350_131313,20160912, 71.2408349, 36.5026679
173A_05550_131313,20160912, 71.6946626, 34.5095548
173A_05749_131313,20160912, 72.1007747, 32.5139458
173A_05948_131313,20160912, 72.5174403, 30.5202239
173D_04773_141313,20170311,-113.8613333, 42.2535555
173D_05576_131313,20170522,-115.6576111, 34.2074444
173D_05770_131311,20170709,-116.0755000, 32.2137778
174A_04554_111111,20200412, 44.6902778, 44.4595000
174A_04777_181818,20200412, 45.2224445, 42.2260000
174A_05018_131313,20160912, 45.8039422, 39.8263891
174A_05216_131313,20160912, 46.2593335, 37.8383899
174A_05598_131313,20191126, 47.0996111, 34.0205555
174A_05798_131313,20160912, 47.5097217, 32.0281122
174A_05986_131309,20160912, 47.9321666, 30.0337233
174A_09133_131313,20190506, 29.6754445, -1.3121111
174A_09740_141414,20190711, 30.9932222, -7.3879445
174D_03055_131313,20170305,-133.5630000, 59.0420000
174D_03250_131312,20170305,-134.2815555, 57.4807778
175A_03997_131313,20160912, 18.5586650, 50.0388900
175A_04592_131313,20160912, 20.1112763, 44.0906122
175A_04791_131313,20160912, 20.6054431, 42.1044455
175A_04990_131313,20160912, 21.0566097, 40.1173900
175A_05184_121313,20160912, 21.5134431, 38.1280566
175D_12845_111312,20170311, 177.3261111, -38.4904445
175D_13043_001315,20201021, 176.1477778, -40.5161667
175D_13047_001415,20201021, 176.1477778, -40.5161667
